 <pre>

 Contingency table for 6h Precipitation (mm/6h)
 Selection: ALL    540 stations
Period: 20250702-20250731
Used {00,12} + 06 07 ... 36
 Limits   0.100000001      0.200000003      0.500000000       1.00000000       2.00000000       5.00000000       10.0000000       20.0000000       35.0000000    
 Each class is data <= limit, the very last > last limit
 Total number of values      248539
                                                       OBSERVATION
                                 165436     3197     4688     3566     3119     3525     1528      711      161       13 |    185944
                                   6504      453      736      651      661      608      290      114       27        2 |     10046
                                   7078      592     1098     1118      963     1048      474      184       48        1 |     12604
                                   4087      434      819      928     1002     1016      485      195       54        6 |      9026
                      rednmc06     3576      362      806      895     1110     1325      635      257       66        4 |      9036
                                   3453      372      810      955     1407     2199     1251      621      107       17 |     11192
                                   1556      157      337      425      599     1273     1152      640      121       18 |      6278
                                    712       54      130      172      223      550      656      524      162       52 |      3235
                                    225       15       31       54       59      121      131      167       96       25 |       924
                                     66        2       10        9       12       28       30       41       37       19 |       254

                    SUM          192693     5638     9465     8773     9155    11693     6632     3454      879      157 |    248539
                                                       OBSERVATION
                                 165429     3231     4665     3572     3032     3461     1526      685      163       11 |    185775
                                   6594      434      745      673      680      657      283      121       15        3 |     10205
                                   7185      595     1062     1086     1048     1091      535      203       40        4 |     12849
                                   4281      425      864      973      957     1012      483      209       56       12 |      9272
                 rednmc06_t2h2     3485      400      809      862     1130     1367      609      284       66        4 |      9016
                                   3340      328      834      975     1363     2120     1254      586      105       13 |     10918
                                   1523      143      311      415      626     1280     1128      632      142       15 |      6215
                                    628       58      140      161      262      540      655      522      165       51 |      3182
                                    171       18       31       41       53      138      126      165       91       24 |       858
                                     57        6        4       15        4       27       33       47       36       20 |       249

                    SUM          192693     5638     9465     8773     9155    11693     6632     3454      879      157 |    248539

