 <pre>

 Contingency table for Cloud cover (octas)
 Selection: ALL    411 stations
Period: 20250702-20250731
Used {00,12} + 01 02 ... 36
 Limits   0.500000000       1.50000000       2.50000000       3.50000000       4.50000000       5.50000000       6.50000000       7.50000000    
 Each class is data <= limit, the very last > last limit
 Total number of values      492642
                                                       OBSERVATION
                                  33262     7649     7570     4091     2146     2709     2942     2543     4533 |     67445
                                   8002     2639     2809     2197     1467     1946     2429     2597     4162 |     28248
                                   4406     1672     1842     1642     1185     1654     2070     2415     3793 |     20679
                                   3291     1344     1520     1379     1068     1501     1921     2443     3641 |     18108
                      rednmc06     2813     1208     1430     1199     1054     1444     1984     2622     4160 |     17914
                                   2789     1182     1292     1282     1117     1532     2077     3041     4892 |     19204
                                   2799     1213     1331     1344     1152     1706     2578     3886     6410 |     22419
                                   3541     1616     1836     1727     1582     2399     3745     6337    11442 |     34225
                                  10549     6023     5795     5970     6286     9967    18042    59328   142440 |    264400

                    SUM           71452    24546    25425    20831    17057    24858    37788    85212   185473 |    492642
                                                       OBSERVATION
                                  33160     7672     7535     4115     2187     2706     2977     2483     4625 |     67460
                                   7962     2613     2892     2256     1467     1901     2397     2587     4279 |     28354
                                   4449     1682     1890     1556     1183     1642     2022     2345     3697 |     20466
                                   3322     1347     1533     1331     1103     1516     1939     2410     3764 |     18265
                 rednmc06_t2h2     2909     1274     1330     1266     1076     1460     2013     2664     4251 |     18243
                                   2757     1170     1311     1226     1037     1534     2178     3037     4897 |     19147
                                   2852     1229     1360     1385     1232     1719     2510     3926     6430 |     22643
                                   3590     1555     1760     1718     1545     2407     3802     6528    11244 |     34149
                                  10451     6004     5814     5978     6227     9973    17950    59232   142286 |    263915

                    SUM           71452    24546    25425    20831    17057    24858    37788    85212   185473 |    492642

