 <pre>

 Contingency table for 3h Precipitation (mm/3h)
 Selection: ALL    142 stations
Period: 20250702-20250731
Used {00,12} + 03 04 ... 36
 Limits   0.100000001      0.200000003      0.500000000       1.00000000       2.00000000       5.00000000       10.0000000       15.0000000       20.0000000    
 Each class is data <= limit, the very last > last limit
 Total number of values      121958
                                                       OBSERVATION
                                  89258     1409     2177     1524     1429     1272      608      179       50       39 |     97945
                                   3301      192      330      282      303      259      102       25       12        6 |      4812
                                   3167      246      530      464      457      380      168       59       20        7 |      5498
                                   1870      184      372      375      437      371      161       47       12        6 |      3835
                      rednmc06     1504      150      297      339      405      429      236       59       18       13 |      3450
                                   1340      160      284      330      462      640      370      117       33       21 |      3757
                                    527       52      118      112      166      295      226       93       29       17 |      1635
                                    184       11       22       41       40       76       89       43       20       15 |       541
                                     68        5        7        6       13       28       63       25        8       11 |       234
                                     79        4       11       12        9       34       50       18       15       19 |       251

                    SUM          101298     2413     4148     3485     3721     3784     2073      665      217      154 |    121958
                                                       OBSERVATION
                                  89167     1385     2164     1536     1412     1279      601      188       46       35 |     97813
                                   3289      199      333      318      293      234      111       24        7        5 |      4813
                                   3332      275      536      452      497      441      197       60       18       10 |      5818
                                   1875      178      388      359      403      385      159       41       20       11 |      3819
                 rednmc06_t2h2     1500      173      304      300      413      434      201       66       20       11 |      3422
                                   1353      126      275      334      432      584      377      115       34       13 |      3643
                                    519       52       94      126      185      289      239       73       31       25 |      1633
                                    130       15       35       39       53       77      101       40       13       15 |       518
                                     64        5       10        9       17       29       39       30       13       14 |       230
                                     69        5        9       12       16       32       48       28       15       15 |       249

                    SUM          101298     2413     4148     3485     3721     3784     2073      665      217      154 |    121958

