 <pre>

 Contingency table for Cloud base (m)
 Selection: ALL    640 stations
Period: 20250702-20250731
Used {00,12} + 01 02 ... 36
 Limits    70.0000000       150.000000       300.000000       600.000000       1000.00000       1500.00000       2500.00000       5000.00000    
 Each class is data <= limit, the very last > last limit
 Total number of values      746299
                                                       OBSERVATION
                                   3499     2390     1642      638      347      127      189      427     1994 |     11253
                                   1487     3347     2908     1296      507      206      142      248      500 |     10641
                                   1376     5558    11258     7081     2331      836      662      759     1068 |     30929
                                    825     2542    10026    17562     7094     2362     1703     1583     2432 |     46129
                      rednmc06      688     1515     4452    12258    16739     6641     3601     2765     4733 |     53392
                                    719     1142     3228     6849    11889    15431     8902     4940     8502 |     61602
                                    871     1408     3409     6807     9365    11939    21575    12253    18209 |     85836
                                    562      873     2201     4636     7578     5892    10333    21388     9986 |     63449
                                   4029     2855     5931    15651    28667    27329    30468    42887   225251 |    383068

                    SUM           14056    21630    45055    72778    84517    70763    77575    87250   272675 |    746299
                                                       OBSERVATION
                                   3473     2330     1604      615      296      144      177      419     1557 |     10615
                                   1598     3279     2918     1247      517      158      127      237      389 |     10470
                                   1408     5491    11278     6862     2269      817      612      680     1149 |     30566
                                    803     2540    10002    17765     7209     2366     1551     1645     2413 |     46294
                 rednmc06_t2h2      631     1531     4344    12314    16646     6539     3649     2724     4733 |     53111
                                    709     1172     3159     6891    11889    15653     8786     4832     8761 |     61852
                                    846     1382     3496     6777     9600    11959    21795    12323    18119 |     86297
                                    556      898     2172     4753     7707     5901    10324    21358     9270 |     62939
                                   4032     3007     6082    15554    28384    27226    30554    43032   226284 |    384155

                    SUM           14056    21630    45055    72778    84517    70763    77575    87250   272675 |    746299

