 <pre>

 Contingency table for Rh2m (%)
 Selection: ALL   1007 stations
Period: 20250702-20250731
Used {00,12} + 00 01 ... 36
 Limits    30.0000000       50.0000000       65.0000000       75.0000000       85.0000000       95.0000000       100.000000    
 Each class is data <= limit, the very last > last limit
 Total number of values     1570593
                                              OBSERVATION
                                   6881     7609      295       43       19        5        0        0 |     14852
                                   7804   112579    38196     5777     2201      957      151        0 |    167665
                                    413    47222   129294    56749    21659     9344     2196        0 |    266877
                      rednmc06       50     6705    56091    89990    65814    26558     6906        0 |    252114
                                     18     2347    20631    60761   119367    83043    20603        3 |    306773
                                     14      904     7342    22409    77807   172097    77549       20 |    358142
                                      1      123     1219     3596    14275    65750   109013       27 |    194004
                                      0        0        8       73      455     2148     7460       22 |     10166

                    SUM           15181   177489   253076   239398   301597   359902   223878       72 |   1570593
                                              OBSERVATION
                                   7027     7304      323       56       26       11        0        0 |     14747
                                   7822   116474    37749     5776     2247      957      174        0 |    171199
                                    277    45718   133226    56798    21270     9338     2328        0 |    268955
                 rednmc06_t2h2       38     5564    55994    92961    65439    26091     6649        0 |    252736
                                     13     1755    18768    60231   122311    82263    20237        3 |    305581
                                      4      612     6182    20578    76988   175082    77884       20 |    357350
                                      0       62      832     2953    12964    64207   109150       46 |    190214
                                      0        0        2       45      352     1953     7456        3 |      9811

                    SUM           15181   177489   253076   239398   301597   359902   223878       72 |   1570593

