 <pre>

 Contingency table for Visibility (m)
 Selection: ALL    698 stations
Period: 20250702-20250731
Used {00,12} + 00 01 ... 36
 Limits    1000.00000       5000.00000       10000.0000       20000.0000    
 Each class is data <= limit, the very last > last limit
 Total number of values      993752
                                     OBSERVATION
                                   3066     1905     1465     1988     1754 |     10178
                                   3855     8882    12015    17082    13026 |     54860
                      rednmc06     3359    10875    20155    46534    52260 |    133183
                                   1871     6628    17984    62002   131016 |    219501
                                   2008     5915    24891   130280   412936 |    576030

                    SUM           14159    34205    76510   257886   610992 |    993752
                                     OBSERVATION
                                   2954     1760     1392     1778     1300 |      9184
                                   3786     8862    11589    16550    11678 |     52465
                 rednmc06_t2h2     3474    11124    20582    46145    51071 |    132396
                                   1857     6623    17815    62392   130278 |    218965
                                   2088     5836    25132   131021   416665 |    580742

                    SUM           14159    34205    76510   257886   610992 |    993752

