 <pre>

 Contingency table for Low clouds (octas)
 Selection: ALL    633 stations
Period: 20250702-20250731
Used {00,12} + 01 02 ... 36
 Limits    1.00000000       2.00000000       3.00000000       4.00000000       5.00000000       6.00000000       7.00000000    
 Each class is data <= limit, the very last > last limit
 Total number of values      774308
                                              OBSERVATION
                                 315021    18773    12721     8540     8047     7479    10180    13318 |    394079
                                  20981     3318     2938     2152     2112     1806     2914     3898 |     40119
                                  13801     2692     2375     1868     1738     1532     2485     3268 |     29759
                      rednmc06    10550     2313     2048     1730     1581     1396     2254     3056 |     24928
                                   9427     2007     1913     1602     1522     1328     2324     3087 |     23210
                                   8873     2225     2000     1668     1490     1434     2521     3478 |     23689
                                  10882     2823     2511     2150     1978     2005     3603     5443 |     31395
                                  38186    14461    13969    12326    12717    14419    32163    68888 |    207129

                    SUM          427721    48612    40475    32036    31185    31399    58444   104436 |    774308
                                              OBSERVATION
                                 314899    18602    12650     8504     7907     7296     9921    13289 |    393068
                                  21083     3392     2843     2230     2127     1933     2977     3974 |     40559
                                  13741     2711     2413     1858     1797     1566     2450     3373 |     29909
                 rednmc06_t2h2    10945     2313     2115     1712     1621     1473     2325     3019 |     25523
                                   9424     2122     1936     1563     1521     1359     2306     3116 |     23347
                                   8951     2198     2011     1682     1559     1433     2510     3496 |     23840
                                  11069     2829     2667     2145     2024     2049     3566     5318 |     31667
                                  37609    14445    13840    12342    12629    14290    32389    68851 |    206395

                    SUM          427721    48612    40475    32036    31185    31399    58444   104436 |    774308

